V1,V2,V3,V4,V5,V6,V7,V8,V9,V10,V11,V12,V13,V14,V15,V16,V17,V18,V19,V20,V21,V22,V23,V24,V25,V26,V27,V28,V29,V30,V31,V32,V33,V34,V35,V36,V37,V38,V39,V40,V41,V42,V43,V44,V45,V46,V47,V48,V49,V50,V51,V52,V53,V54,V55,V56,V57,V58,V59,V60,V61,V62,V63,V64,V65,V66,V67,V68,V69,V70,V71,V72,V73,V74,V75,V76,V77,V78,V79,V80,V81,V82,V83,V84,V85,V86,V87,V88,V89,V90
1,0.5,0.0993892559306237,0.0956237968885832,0.0348372277783127,0.0307424577561181,0.0330381921125863,0.0267339547495576,0.0301741131672747,0.0264180955467101,0.0257413121797449,0.0308038024802345,0.0308494662719446,0.00111395906812937,0.00111980586782406,0.00460268690903608,0.00241376639352202,0.00106175169616894,0.00202727948874847,0.00107955250320584,0.00207960917580611,0.00283692330756361,0.00293038995095436,0.00286325496685298,0.00294865761053952,0.000174285648793642,0.000118256334522378,0.000240339752914936,0.000121042939595655,1.21837588410144e-06,1.19914880198985e-06,1.2926254183128e-06,1.18740081570692e-06,1.14426512555622e-06,1.12483169681749e-06,1.08300178352292e-06,1.15675033958991e-06,3.49022374144214e-06,2.91796698492835e-06,1.52750273174121e-06,1.38691178599422e-06,1.43633010262647e-06,1.54139285781976e-06,1.6763333624361e-06,1.47776262059409e-06,2.21576009532957e-06,8.57257242718375e-07,4.69394183388393e-05,1.40854666509756e-06,1.09082634836386e-06,1.2067007432317e-06,9.72693117705707e-07,4.76545266284873e-05,8.23926158871084e-07,8.0982467846582e-07,8.08187307049475e-07,7.78717025841139e-07,8.83516359349398e-07,8.24472145204561e-07,1.14278722302441e-06,8.2138667954467e-07,8.79833315546943e-07,6.95375013374601e-07,1.61456820425992e-06,1.07600618809107e-06,7.58339208201379e-07,1.10380912946034e-06,8.70080307465508e-07,5.94737970343423e-07,1.10610896193424e-06,7.52547412590867e-07,5.93109087717238e-07,7.8928818051708e-07,6.20619387245576e-07,2.85697106707859e-06,4.1155666330696e-06,7.54880132176216e-07,1.26631299151544e-06,9.39415767465883e-07,8.51175713407582e-07,3.60522605724803e-06,1.40710668636828e-06,1.05607955802625e-06,7.72586645971086e-06,2.31776029069608e-06,8.90304369435483e-07,4.54120761866771e-06,3.79481562634828e-06,1.94488931737949e-06,1.09409506043902e-06,1.81968347488939e-06
2,0.0993892559306237,0.5,0.131555162322411,0.031650394925411,0.032997615468064,0.0305543151801862,0.0227052443531642,0.0244296718858963,0.023273731912572,0.02084457749059,0.0246300347696246,0.0246053277015904,0.00108864307757424,0.00109564222510546,0.00430044300203266,0.00227265895800882,0.00103903986077376,0.00190409967271035,0.00105425697202816,0.00195268053239075,0.0027294824820058,0.0028177570017334,0.00275277887845205,0.00283740411438228,0.000173452617713523,0.000118486220738452,0.000238166886833317,0.000121651944278508,1.28110745404303e-06,1.26113837502474e-06,1.35759105038991e-06,1.24900151244719e-06,1.20350279809375e-06,1.18306890006504e-06,1.13933860545728e-06,1.2165182496536e-06,3.58830100265376e-06,3.00726843061184e-06,1.600750334356e-06,1.45454832451188e-06,1.50574552869108e-06,1.6156699844402e-06,1.7528307214155e-06,1.54879327290309e-06,2.32330435573428e-06,9.0250303236817e-07,4.80309064791032e-05,1.47937798772993e-06,1.14730704370864e-06,1.26839677619428e-06,1.02371179554365e-06,4.87923167733027e-05,8.67574215790112e-07,8.52737626012898e-07,8.50791305242129e-07,8.19998684053081e-07,9.29921467182334e-07,8.6790752458523e-07,1.20136270797351e-06,8.6490253064674e-07,9.2663520685153e-07,7.3355189736731e-07,1.6967841266706e-06,1.13300409337887e-06,7.99494258440414e-07,1.16181283434443e-06,9.16948269306334e-07,6.27969376493746e-07,1.16466148320601e-06,7.93389891125847e-07,6.2589470232039e-07,8.32820600490979e-07,6.55143988121025e-07,2.99940455280081e-06,4.31720321945377e-06,7.95760681345658e-07,1.33188256424958e-06,9.89527310669106e-07,8.96627733650853e-07,3.78215156945512e-06,1.47985885014684e-06,1.11167035855788e-06,8.08973510459193e-06,2.43431979358424e-06,9.37752897624063e-07,4.76201658296714e-06,3.9813106116809e-06,2.04376558564433e-06,1.15187338032256e-06,1.91291064047359e-06
3,0.0956237968885832,0.131555162322411,0.5,0.029712150931638,0.0334249732125619,0.0288678694351783,0.0229938705223177,0.0247206876941149,0.0249107011515727,0.0211219782412218,0.0248420469353705,0.0249053155797027,0.00111073590819157,0.0011180542005674,0.00436722655658843,0.00231160764502561,0.00106072338524283,0.0019378029394086,0.00107675012720275,0.0019868630438717,0.00279077204023662,0.0028838831794124,0.00281238345762044,0.00290157724993644,0.000177168555456845,0.000121131208858934,0.000243106739354912,0.0001243596875242,1.31948053427201e-06,1.29911848799856e-06,1.39784647678339e-06,1.28677891895503e-06,1.23979300774668e-06,1.21885517655402e-06,1.17398147353312e-06,1.25324210202621e-06,3.67822363910131e-06,3.08447149506846e-06,1.64765530485614e-06,1.49811569517941e-06,1.55037674699329e-06,1.66302527436301e-06,1.80317344160693e-06,1.59446912381322e-06,2.3881447220169e-06,9.30647508725408e-07,4.90950428064566e-05,1.52251308648065e-06,1.18210360831446e-06,1.30601362996759e-06,1.05526176892961e-06,4.98714962229715e-05,8.9457360443841e-07,8.7933049871384e-07,8.77123361781044e-07,8.45574318639276e-07,9.58409883369096e-07,8.94711319650148e-07,1.23688810605855e-06,8.91824619052807e-07,9.53920444987949e-07,7.56067078944303e-07,1.74399014062606e-06,1.16608213002692e-06,8.2357766155132e-07,1.19515574704365e-06,9.44330025752812e-07,6.47782667698678e-07,1.19841643818237e-06,8.17320945305867e-07,6.45440140236387e-07,8.58391079099112e-07,6.76012165603219e-07,3.08182316047205e-06,4.43320134234012e-06,8.19823297320984e-07,1.36976482532142e-06,1.01870114210406e-06,9.2336125091838e-07,3.88248442668652e-06,1.52195282806043e-06,1.14393821605421e-06,8.29745780748668e-06,2.50194410219449e-06,9.65623377088225e-07,4.88952312205876e-06,4.08924790713431e-06,2.10133735662201e-06,1.18572353171935e-06,1.9664262133334e-06
4,0.0348372277783127,0.031650394925411,0.029712150931638,0.5,0.0545531377544999,0.0568294125449052,0.0440447735631759,0.0439384756408852,0.0427373433780929,0.0456351241804939,0.0401915882516365,0.0418835853313494,0.00119448533917188,0.00120251721827487,0.00568443140045977,0.00275107906235395,0.00115438621412425,0.00231764615131297,0.00120885381416832,0.00237330570142574,0.00363299372505293,0.00373908777383385,0.00585863975333612,0.0037609064695227,0.000166970020229878,0.000108841682333814,0.000233347775865679,0.000110084897892934,7.17440662857508e-07,7.05194538545289e-07,7.71675247879984e-07,6.9800302776335e-07,6.7144835379771e-07,6.59720114909721e-07,6.33529577847538e-07,6.79337355104175e-07,2.59810809698123e-06,2.12033890536026e-06,9.36301473703606e-07,8.44668462034863e-07,8.765724984388e-07,9.42068712229955e-07,1.05500982019932e-06,9.05362260280344e-07,1.34195440146366e-06,4.97655618290147e-07,3.69912041713557e-05,8.37041316067251e-07,6.40260988748239e-07,7.12179220701421e-07,5.67882813811475e-07,3.7356781762725e-05,4.7799649103215e-07,4.6945774625041e-07,4.68657061222061e-07,4.50807383915544e-07,5.14681913973454e-07,4.78587441790109e-07,6.73830732249803e-07,4.76676028343758e-07,5.07148847097078e-07,3.96515194473187e-07,9.55550043784998e-07,6.25519101545699e-07,4.34351742142723e-07,6.43536341326842e-07,5.00901251732302e-07,3.36541223486928e-07,6.4410151240646e-07,4.30656038512567e-07,3.35498908691927e-07,4.52383565253022e-07,3.51814960849156e-07,1.71700420673321e-06,2.50043394079952e-06,4.31886465311305e-07,7.41642887355219e-07,5.42840487467181e-07,4.89384566445696e-07,2.19039136494834e-06,8.26375004719422e-07,6.13462667793105e-07,4.79126445311175e-06,1.38359034234921e-06,5.12764504796731e-07,2.76348803354434e-06,2.29679067668311e-06,1.15222702965224e-06,6.35175183045438e-07,1.0801535025533e-06
5,0.0307424577561181,0.032997615468064,0.0334249732125619,0.0545531377544999,0.5,0.0534660101792297,0.0431798724834433,0.0424558616001912,0.0436639723201117,0.0432130904213825,0.0408606096897115,0.0406892883405325,0.00124236955731573,0.00127840226802487,0.00573555191314292,0.00284326093307825,0.00128535864705506,0.00241883118101962,0.00135946251059478,0.00246687538585127,0.00598734655906228,0.00618484645760478,0.00609331743192331,0.00633272157754687,0.000169207981861868,0.000110732627739939,0.000236125376087675,0.000112104112893772,7.10785748580209e-07,6.98584559631464e-07,7.64749645252588e-07,6.91386589618161e-07,6.651841970086e-07,6.53549700706488e-07,6.27568191039128e-07,6.7299276714584e-07,2.5967851182992e-06,2.11753885260833e-06,9.28199007476229e-07,8.37059996943322e-07,8.68871467310941e-07,9.33869618427992e-07,1.04634529232707e-06,8.97456463528098e-07,1.33035414340361e-06,4.92755727435523e-07,3.68824939450689e-05,8.29485427750911e-07,6.34148410265328e-07,7.05606999852981e-07,5.62335157305259e-07,3.72394545645829e-05,4.73296786281814e-07,4.64838292300221e-07,4.64135431905621e-07,4.46392788949413e-07,5.0973418669842e-07,4.73976105195072e-07,6.67661681249192e-07,4.71981716011903e-07,5.02873207109361e-07,3.92897108337388e-07,9.4791433567492e-07,6.20167569391381e-07,4.30509183840514e-07,6.38168594746853e-07,4.96492025405083e-07,3.33322669107459e-07,6.38604421540987e-07,4.26854144929434e-07,3.32410822388807e-07,4.48129355489524e-07,3.48385492119264e-07,1.70314998355673e-06,2.48063156431987e-06,4.2807010109398e-07,7.3556066723095e-07,5.38164915627091e-07,4.85169275090208e-07,2.17347101309553e-06,8.19574521232167e-07,6.08334576142542e-07,4.75492339042452e-06,1.37237521458127e-06,5.0837411262509e-07,2.74178801436441e-06,2.27847213984889e-06,1.14282931347318e-06,6.29732157325563e-07,1.07123339856596e-06
6,0.0330381921125863,0.0305543151801862,0.0288678694351783,0.0568294125449052,0.0534660101792297,0.5,0.0427042720954889,0.0438228886140266,0.0437768383833086,0.0460705008721958,0.0400786739896101,0.0412382849222104,0.0012272782726649,0.00126257832885076,0.00567517362442943,0.00281261875393424,0.0012710802001439,0.00239309431306134,0.00134554428119786,0.00244044238051656,0.00609874930118912,0.00629733960020481,0.00625895604214036,0.00641231427530324,0.000166498842036133,0.000108937159589734,0.000232421487857678,0.000110229222187443,6.9511250911446e-07,6.83136736749884e-07,7.47930150857718e-07,6.76085969594175e-07,6.50412220482822e-07,6.38986578811733e-07,6.13517205598624e-07,6.58031071422898e-07,2.545566230577e-06,2.0750839083032e-06,9.08061200847903e-07,8.18644559265743e-07,8.4984484384906e-07,9.13628218240807e-07,1.02369610908296e-06,8.77894958106715e-07,1.30314539050813e-06,4.81609088625738e-07,3.62208292639968e-05,8.11765114092576e-07,6.2016365677002e-07,6.9029639362433e-07,5.49772441497693e-07,3.65722661693511e-05,4.62609675811817e-07,4.54314367389464e-07,4.53642661087373e-07,4.36260448330343e-07,4.98363445968634e-07,4.63283799433417e-07,6.53164861800771e-07,4.61329245524371e-07,4.91333252471415e-07,3.83661715781226e-07,9.27346430302819e-07,6.06182751296441e-07,4.20528217981446e-07,6.23992445845295e-07,4.85090831680168e-07,3.25350180681885e-07,6.24347099660221e-07,4.16925649826494e-07,3.24440586923517e-07,4.37729151185333e-07,3.40025080427573e-07,1.66692427844903e-06,2.42899430047634e-06,4.18090333649122e-07,7.19330098350216e-07,5.25916745831661e-07,4.7396468932219e-07,2.12841414326007e-06,8.01457560634525e-07,5.94604198839964e-07,4.66022964917214e-06,1.34281482753315e-06,4.96634357872509e-07,2.68482807705918e-06,2.23068212035194e-06,1.11778212250122e-06,6.15419070964562e-07,1.04811720135313e-06
7,0.0267339547495576,0.0227052443531642,0.0229938705223177,0.0440447735631759,0.0431798724834433,0.0427042720954889,0.5,0.064716636110825,0.0491041484903402,0.0526215295908985,0.0454707384288428,0.0462866567618046,0.00183969026365296,0.00185813621552436,0.013163371349162,0.0035578495379489,0.00124539312558683,0.00255871005158305,0.00124660568924735,0.00263236819812696,0.00324072395453677,0.003387771492866,0.00317424714680125,0.00340335060829997,0.000306456354712986,0.000173948046456111,0.000419301423117939,0.000181039541626521,7.40190089325363e-07,7.26626985015192e-07,8.37724737388972e-07,7.19096798810054e-07,6.90431441587118e-07,6.79769919215408e-07,6.50517156798688e-07,7.01275193601482e-07,4.04080098639263e-06,3.20893258813488e-06,1.09811962833091e-06,9.85566378688892e-07,1.02295572751449e-06,1.09246950346874e-06,1.33211921465415e-06,1.06630352416426e-06,1.36758983305081e-06,5.07869128939113e-07,6.19867179256544e-05,8.5358097612076e-07,6.5330344156898e-07,7.26729234191338e-07,5.79776061512425e-07,6.20354411157439e-05,4.88101925316729e-07,4.79367306273783e-07,4.7852493703813e-07,4.60348182088834e-07,5.25612549015679e-07,4.88846138335605e-07,6.88456450349951e-07,4.86811583098573e-07,5.16086113736683e-07,4.03480014771616e-07,9.7222885034782e-07,6.37201990725355e-07,4.41967878583705e-07,6.54442307375076e-07,5.09549438842918e-07,3.42484244105687e-07,6.55154945307218e-07,4.38086560831931e-07,3.41391442245146e-07,4.60789363948617e-07,3.57955253647567e-07,1.74757344383571e-06,2.54354425064843e-06,4.39598666317217e-07,7.54589905156035e-07,5.52546766124017e-07,4.98031797300062e-07,2.22706838343952e-06,8.40981458367743e-07,6.2478447658175e-07,4.86509214059765e-06,1.40681433872472e-06,5.22013514914799e-07,2.80969837577808e-06,2.33645544806812e-06,1.17257426127235e-06,6.46750070531212e-07,1.10019797282005e-06
8,0.0301741131672747,0.0244296718858963,0.0247206876941149,0.0439384756408852,0.0424558616001912,0.0438228886140266,0.064716636110825,0.5,0.0527231700705261,0.0551109468499624,0.0442870899771947,0.0453151225634282,0.00118278672424112,0.00118546065935881,0.00883149633037869,0.00283399650688481,0.00102627691888508,0.00230345135381443,0.00104386528250368,0.00236949402638608,0.00303969529169236,0.00316111738267196,0.00297103561330417,0.00317380617747087,0.000174361607885041,0.00010856989788738,0.000243858119819098,0.000109469768013502,6.79746914824581e-07,6.67929594716781e-07,7.34609792070656e-07,6.61082467963748e-07,6.35677974511067e-07,6.24596856045268e-07,5.99404165073987e-07,6.4337869385206e-07,2.57539289873793e-06,2.09398526910174e-06,8.99080357475088e-07,8.10069341056445e-07,8.4088825636254e-07,9.03660979750179e-07,1.02222344092314e-06,8.6947479866181e-07,1.27487409695623e-06,4.70205203490891e-07,3.76400911537697e-05,7.93378667045108e-07,6.05834175597378e-07,6.74510192278955e-07,5.36988269232403e-07,3.79775814127903e-05,4.51713512681456e-07,4.43572056499872e-07,4.42849645445268e-07,4.2588844722349e-07,4.86730720412048e-07,4.52314521623805e-07,6.38275731153161e-07,4.50484533294896e-07,4.78867550272017e-07,3.73879539950368e-07,9.05182068839456e-07,5.91333197003038e-07,4.0988122616199e-07,6.08761088725126e-07,4.72941087100548e-07,3.16992390596077e-07,6.09153791260236e-07,4.06305905981733e-07,3.15949634528339e-07,4.26949054723416e-07,3.31290172889792e-07,1.62850146236751e-06,2.37432803313586e-06,4.07419990829085e-07,7.0182675011995e-07,5.12827733430624e-07,4.61899504848652e-07,2.08040014565569e-06,7.82016833078235e-07,5.79866658605323e-07,4.5595209120723e-06,1.31119466391762e-06,4.84011148531864e-07,2.62418739511564e-06,2.17994265072011e-06,1.09095503841675e-06,6.0014214189107e-07,1.02369908538789e-06
9,0.0264180955467101,0.023273731912572,0.0249107011515727,0.0427373433780929,0.0436639723201117,0.0437768383833086,0.0491041484903402,0.0527231700705261,0.5,0.0640701399241564,0.0481561384860204,0.0466492435269651,0.00118405188631764,0.00118422853079315,0.00638071490132298,0.00294669400301912,0.00107770355502906,0.00245159055059465,0.0010971600924927,0.00252193704324458,0.00319545385182938,0.00329153889963691,0.00306613786972478,0.00333867973725594,0.000173165199199574,0.00011077554537044,0.000243427228493134,0.000111190538612199,7.22675282823336e-07,7.10371823373977e-07,7.7834442945712e-07,7.03177182675064e-07,6.76334979035839e-07,6.64627426950307e-07,6.38215122843881e-07,6.844135425076e-07,2.64801087276871e-06,2.15934455453816e-06,9.46696349984662e-07,8.54257958687088e-07,8.8637394180353e-07,9.52179366318423e-07,1.06987045151967e-06,9.15633328802747e-07,1.35000530622281e-06,5.01351130284061e-07,3.79889987426107e-05,8.42413177501503e-07,6.44771623289248e-07,7.16884574475799e-07,5.72026938002451e-07,3.8353505806894e-05,4.81474192020386e-07,4.72899557868119e-07,4.72015727033961e-07,4.54098161717511e-07,5.18258019160697e-07,4.82010913683114e-07,6.78224548923074e-07,4.80152239984764e-07,5.10191145736126e-07,3.99139404464901e-07,9.60880850957195e-07,6.29310052276698e-07,4.37042658827345e-07,6.47064316363532e-07,5.03985949326265e-07,3.38921601846581e-07,6.47783384025341e-07,4.3334338733965e-07,3.37818271865981e-07,4.55410124918592e-07,3.54475882530478e-07,1.72766310291483e-06,2.51584171960972e-06,4.34631032383693e-07,7.45745570880761e-07,5.46082308866122e-07,4.924296311968e-07,2.2030750481922e-06,8.31229549620077e-07,6.1708866480028e-07,4.81978581446187e-06,1.39210774815372e-06,5.16014426559754e-07,2.78058207233747e-06,2.31102021481996e-06,1.15943664746248e-06,6.39197515200089e-07,1.08642894287664e-06
10,0.0257413121797449,0.02084457749059,0.0211219782412218,0.0456351241804939,0.0432130904213825,0.0460705008721958,0.0526215295908985,0.0551109468499624,0.0640701399241564,0.5,0.0454984504208096,0.0466632080160441,0.00117425958362126,0.00117559446628668,0.00640905990832947,0.00288351586380425,0.00106584735540997,0.00239217144607326,0.00108614229303983,0.00245989626334858,0.00317354005443808,0.00330083263420447,0.00311089210632444,0.00331248481053135,0.000172148494547281,0.000109963420219373,0.000241556165046366,0.000110593212018928,7.10136137833082e-07,6.97972161628096e-07,7.65542087219112e-07,6.90858752134712e-07,6.64479413841436e-07,6.52970420189008e-07,6.26923908040553e-07,6.72457410841808e-07,2.62556956695514e-06,2.1394552957339e-06,9.32620133658727e-07,8.41210206242003e-07,8.72974545815452e-07,9.37850829604362e-07,1.05567790457964e-06,9.01990352866332e-07,1.32810178552164e-06,4.92277539677082e-07,3.78144772931367e-05,8.28117811959921e-07,6.33408983735125e-07,7.04494910077608e-07,5.61788396242097e-07,3.81711247449143e-05,4.7276368018699e-07,4.64328490728582e-07,4.63509359804621e-07,4.4586068103329e-07,5.09011391737294e-07,4.73341587512582e-07,6.66513277478652e-07,4.71466637784415e-07,5.01001157526974e-07,3.91678890927353e-07,9.44532822061226e-07,6.18097898453989e-07,4.29011303836805e-07,6.35703614177537e-07,4.94808011462526e-07,3.32437417073881e-07,6.36308523782317e-07,4.2536456382288e-07,3.31404884411173e-07,4.46919064188665e-07,3.47673199897518e-07,1.69879069264188e-06,2.47467427456018e-06,4.26626842905881e-07,7.32813092889923e-07,5.36261456048019e-07,4.83490134688047e-07,2.16719402797808e-06,8.16790567522269e-07,6.06147008813087e-07,4.74438310708348e-06,1.36856190304102e-06,5.06659587115203e-07,2.73529585754071e-06,2.27296570659533e-06,1.13953746166286e-06,6.27759896102425e-07,1.0678970982138e-06
11,0.0308038024802345,0.0246300347696246,0.0248420469353705,0.0401915882516365,0.0408606096897115,0.0400786739896101,0.0454707384288428,0.0442870899771947,0.0481561384860204,0.0454984504208096,0.5,0.0704156652162601,0.00145581575440327,0.00143032110639204,0.0110409743832777,0.00605913199388427,0.00131503494691927,0.00525666764984865,0.0013357655635426,0.00542661569972932,0.00535957121416024,0.00372157519210549,0.00316964631087194,0.0056674010149745,0.000192595942268819,0.000118368623992812,0.000282505056966182,0.000114473022023448,6.63524864326259e-07,6.51967221460607e-07,7.1560362451356e-07,6.45209155215968e-07,6.20584875156936e-07,6.09662137303625e-07,5.85154920269244e-07,6.27935360288749e-07,2.56233012216833e-06,2.07855812074869e-06,8.72957941396554e-07,7.86323976964017e-07,8.16553702531446e-07,8.77814816432195e-07,9.88683767912134e-07,8.43962204735971e-07,1.24730853595091e-06,4.59006463124227e-07,3.676384269642e-05,7.75559376755528e-07,5.9172088986026e-07,6.59072172562727e-07,5.242686301189e-07,3.70787003372896e-05,4.40915390275648e-07,4.32964643550061e-07,4.32353299098681e-07,4.157107729115e-07,4.75231329390187e-07,4.41588369796677e-07,6.23606089653321e-07,4.39705955046571e-07,4.6805950686186e-07,3.65079867799503e-07,8.85647430144315e-07,5.77935910113396e-07,4.00389363065263e-07,5.9521756143011e-07,4.62070691036213e-07,3.09339041356645e-07,5.95443713493306e-07,3.96909663577004e-07,3.08455125533659e-07,4.167563014865e-07,3.23274111733417e-07,1.59370848805692e-06,2.32453344197814e-06,3.97988236453079e-07,6.86397830418845e-07,5.01159860890486e-07,4.51382153637881e-07,2.03715068510633e-06,7.64813098502546e-07,5.66869241780264e-07,4.46809242943281e-06,1.28307245370541e-06,4.73010767422914e-07,2.56962735437998e-06,2.13401045810857e-06,1.06727290789185e-06,5.86578668621494e-07,1.00125283440134e-06
12,0.0308494662719446,0.0246053277015904,0.0249053155797027,0.0418835853313494,0.0406892883405325,0.0412382849222104,0.0462866567618046,0.0453151225634282,0.0466492435269651,0.0466632080160441,0.0704156652162601,0.5,0.00142083556143523,0.00137969197529063,0.00721149251104933,0.00600086290075992,0.0012876556634461,0.0052280337034956,0.00129752135928341,0.00538229203584226,0.00356639241746487,0.00560832228511177,0.00314107641834202,0.00369868734098603,0.000183989908170371,0.000117924758433934,0.000271359996898027,0.000114054322029718,6.69685135979865e-07,6.58062314270544e-07,7.22207452429896e-07,6.51273801391693e-07,6.26387760949728e-07,6.15384356088032e-07,5.90679071460801e-07,6.33817641581177e-07,2.57720873971287e-06,2.09134986215039e-06,8.8093275473774e-07,7.93693524705141e-07,8.24102837608446e-07,8.8582919317282e-07,9.9740154754687e-07,8.51734420458544e-07,1.25803185726653e-06,4.63450436329929e-07,3.68349918448635e-05,7.82528646597687e-07,5.97285486998829e-07,6.65106237342963e-07,5.29289740526892e-07,3.7155313839055e-05,4.4516905681375e-07,4.37151761920897e-07,4.36491885521395e-07,4.19727108522931e-07,4.79729736897109e-07,4.45807213588145e-07,6.29289433596848e-07,4.43950518149771e-07,4.72334630135483e-07,3.68577534538925e-07,8.93297809727134e-07,5.83190270037186e-07,4.04135719519435e-07,6.00502034583181e-07,4.66365435795074e-07,3.12397358271918e-07,6.00804362748425e-07,4.00631107342836e-07,3.1146277042463e-07,4.20766112146533e-07,3.2651537860212e-07,1.60743959389059e-06,2.34417577245197e-06,4.01730342264283e-07,6.92437503881693e-07,5.05748823633289e-07,4.55560455882538e-07,2.05410936025991e-06,7.71582189200223e-07,5.71974548220589e-07,4.50426037414901e-06,1.29422886080585e-06,4.77383892134199e-07,2.59126603303902e-06,2.15218166427992e-06,1.07667986331896e-06,5.91955246177892e-07,1.00999222010463e-06
13,0.00111395906812937,0.00108864307757424,0.00111073590819157,0.00119448533917188,0.00124236955731573,0.0012272782726649,0.00183969026365296,0.00118278672424112,0.00118405188631764,0.00117425958362126,0.00145581575440327,0.00142083556143523,0.5,0.0645247443238818,0.0596212909573946,0.0648808848203136,0.0336868672954486,0.0346549476562754,0.0348985579628067,0.0360816733729887,0.0250886272756396,0.0281112137425374,0.0309574968426993,0.0251191532685036,0.0102431639838557,0.00850462201014232,0.0127534653733545,0.00907927485024741,3.58585992397181e-06,3.47130063907698e-06,6.50521592615654e-06,3.43534784444236e-06,3.2231909201176e-06,3.25424170580131e-06,2.98491898475429e-06,3.43284625090412e-06,0.000132399635062338,9.99389724124853e-05,1.36586904091455e-05,1.19863360692089e-05,1.25391502475054e-05,1.28939286138833e-05,1.97841697247191e-05,1.35117398099381e-05,5.60277153785465e-06,2.22238494547846e-06,0.0016976425929583,3.59222308017299e-06,2.81085516113292e-06,3.09882394804901e-06,2.52419138995494e-06,0.0016589952229358,2.14444722509444e-06,2.10788171532885e-06,2.09970853213093e-06,2.02733513605574e-06,2.29517104860037e-06,2.14739302104401e-06,2.96121553413715e-06,2.13939217021126e-06,2.15352358296677e-06,1.71392092555607e-06,3.91174980448229e-06,2.65256981714454e-06,1.86414361500035e-06,2.67816546785767e-06,2.12930532847745e-06,1.475637647504e-06,2.69018620493415e-06,1.8449527132106e-06,1.46728924700059e-06,1.96249610666046e-06,1.54256209179004e-06,6.93652317029538e-06,9.89947313115662e-06,1.86139432399908e-06,3.08443153479411e-06,2.30596563314858e-06,2.09246620152575e-06,8.58495518623371e-06,3.42957402120857e-06,2.59800270511166e-06,1.81815848265001e-05,5.5898799633989e-06,2.19357372321164e-06,1.08902642465986e-05,9.16718540207838e-06,4.73831997090031e-06,2.69674991951334e-06,4.46646602831022e-06
14,0.00111980586782406,0.00109564222510546,0.0011180542005674,0.00120251721827487,0.00127840226802487,0.00126257832885076,0.00185813621552436,0.00118546065935881,0.00118422853079315,0.00117559446628668,0.00143032110639204,0.00137969197529063,0.0645247443238818,0.5,0.0610506118645031,0.0620321922242259,0.0361295695796486,0.0334077551334886,0.0339254372699972,0.0303960475236921,0.0277878527957026,0.0318047292639591,0.0274485332044698,0.0314890465761531,0.0101054091438288,0.00564166319698977,0.0145910671266324,0.00898532377298233,3.52484301519665e-06,3.40998912432555e-06,6.07865544201132e-06,3.37463420199419e-06,3.17168915354633e-06,3.20310973123766e-06,2.94285963612891e-06,3.37245373157863e-06,0.000102192030902949,7.75160869954186e-05,1.23043567354618e-05,1.08304151860572e-05,1.12977467409705e-05,1.1659104733303e-05,1.84869852231203e-05,1.21578711000318e-05,5.54735449570922e-06,2.1995614685623e-06,0.00165284852834922,3.55730314574271e-06,2.78275701646126e-06,3.06842384643075e-06,2.49848087194605e-06,0.00161362616257695,2.12261698993114e-06,2.08631262839861e-06,2.07815594088798e-06,2.00649335929647e-06,2.27213892482368e-06,2.12525654947629e-06,2.93150939573472e-06,2.11763669123137e-06,2.13204879821142e-06,1.69665421587884e-06,3.87493746546973e-06,2.6268637406134e-06,1.8456104999015e-06,2.65288270401329e-06,2.10841133588358e-06,1.46052857451755e-06,2.66479528751202e-06,1.82653105418257e-06,1.45199432677362e-06,1.94331533425567e-06,1.52647088593544e-06,6.87174002211749e-06,9.80926916983068e-06,1.84258543645197e-06,3.0549995688517e-06,2.28341552244406e-06,2.07133085488358e-06,8.50804429282312e-06,3.3966397504257e-06,2.57252390208345e-06,1.802281023398e-05,5.53696401314455e-06,2.17134302153938e-06,1.07903188006016e-05,9.08239812842913e-06,4.69248743579139e-06,2.6699456635891e-06,4.42496322054894e-06
15,0.00460268690903608,0.00430044300203266,0.00436722655658843,0.00568443140045977,0.00573555191314292,0.00567517362442943,0.013163371349162,0.00883149633037869,0.00638071490132298,0.00640905990832947,0.0110409743832777,0.00721149251104933,0.0596212909573946,0.0610506118645031,0.5,0.0622676049386319,0.0204148423116955,0.022815035330137,0.0195046425097151,0.0231224321639479,0.0190250851843705,0.0252984208647106,0.024192284050635,0.0251393791650596,0.00908818524630327,0.00506598672305806,0.0121467862023124,0.00550476505107993,4.60762806351852e-06,4.47363486140576e-06,7.33445117558084e-06,4.42810977396621e-06,4.18315354382216e-06,4.20950715145015e-06,3.90326232547827e-06,4.41294711492392e-06,0.000101365277564206,7.7421543829072e-05,1.40419577080197e-05,1.24434707712539e-05,1.2945061136423e-05,1.33819847821746e-05,2.06590754528358e-05,1.38609701876321e-05,7.21336396817287e-06,2.94772233892933e-06,0.00159805607328725,4.69134536344749e-06,3.69954420280051e-06,4.06382375768874e-06,3.33276715283743e-06,0.00157429314214608,2.8442756940759e-06,2.79769990747503e-06,2.7876197354078e-06,2.69438901411093e-06,3.03586263416909e-06,2.84869451915815e-06,3.88655094270791e-06,2.83740840793685e-06,2.86515707213772e-06,2.29489376043188e-06,5.11074997831359e-06,3.50437003757202e-06,2.48894237199726e-06,3.53488661154455e-06,2.83386910365814e-06,1.98526284773632e-06,3.55226458750561e-06,2.46564725198939e-06,1.97641168595942e-06,2.61403666946164e-06,2.07379055298849e-06,8.96234033773641e-06,1.26976350547247e-05,2.48800424938459e-06,4.06013591374481e-06,3.06103969127139e-06,2.78886525289326e-06,1.10158915076442e-05,4.50269239478785e-06,3.43596876416789e-06,2.30060735072925e-05,7.26029969288564e-06,2.91824141606085e-06,1.39540034047571e-05,1.17865175246481e-05,6.1822799747815e-06,3.56589693855245e-06,5.80893506538116e-06
16,0.00241376639352202,0.00227265895800882,0.00231160764502561,0.00275107906235395,0.00284326093307825,0.00281261875393424,0.0035578495379489,0.00283399650688481,0.00294669400301912,0.00288351586380425,0.00605913199388427,0.00600086290075992,0.0648808848203136,0.0620321922242259,0.0622676049386319,0.5,0.0262293585436007,0.0308526736413346,0.0252201479355264,0.0254681883479683,0.0266647909675086,0.0321045924003856,0.0300556116947869,0.0315352645470824,0.0095407725674588,0.00790212825329241,0.0137933534766741,0.00570397898881492,3.38039247054274e-06,3.27437618543548e-06,6.07542170836586e-06,3.24006583665517e-06,3.04282778617035e-06,3.06929728432752e-06,2.81994476755183e-06,3.23530595615285e-06,0.000122671367494295,9.26020022926043e-05,1.26620955498063e-05,1.11116830014615e-05,1.1624049354917e-05,1.19591075713748e-05,1.82874494876172e-05,1.25237349754833e-05,5.30601086304326e-06,2.10116881977199e-06,0.00153755306418098,3.40019251311327e-06,2.65879158708492e-06,2.93218781467179e-06,2.38683040608908e-06,0.00151376100126044,2.02729232455657e-06,1.992758137873e-06,1.98544516399926e-06,1.91668708748009e-06,2.1702691656101e-06,2.03055284441532e-06,2.80194016094009e-06,2.02254766413259e-06,2.04045556368737e-06,1.62230328925012e-06,3.70975874286335e-06,2.51311534388989e-06,1.76499638092724e-06,2.53788471760364e-06,2.01658632867331e-06,1.39588287194895e-06,2.54886755054144e-06,1.74698457815775e-06,1.38865558346105e-06,1.85684443782109e-06,1.4591460365337e-06,6.57966613100625e-06,9.39406107960492e-06,1.76260452423633e-06,2.92381508452888e-06,2.18443734144467e-06,1.98210700280562e-06,8.14935025406047e-06,3.25108835324181e-06,2.46192095829382e-06,1.72659375635563e-05,5.30154055494875e-06,2.07791783543064e-06,1.03347938879834e-05,8.69702949805345e-06,4.49284726962805e-06,2.55476256501659e-06,4.2333218071612e-06
17,0.00106175169616894,0.00103903986077376,0.00106072338524283,0.00115438621412425,0.00128535864705506,0.0012710802001439,0.00124539312558683,0.00102627691888508,0.00107770355502906,0.00106584735540997,0.00131503494691927,0.0012876556634461,0.0336868672954486,0.0361295695796486,0.0204148423116955,0.0262293585436007,0.5,0.04988742934871,0.0596666793219285,0.0498486119022487,0.0404620137573611,0.0385903442399054,0.0393007811634801,0.0411457992838858,0.00922464785268327,0.00816365862395561,0.0126510401875218,0.0104728453680766,2.87013256384538e-06,2.77559696791438e-06,5.36351854128236e-06,2.74751363825538e-06,2.57169962569526e-06,2.59939505637308e-06,2.37609585075552e-06,2.74671911236226e-06,0.000118864454776611,8.95152315459378e-05,1.15291594931819e-05,1.01011924788447e-05,1.05800923613421e-05,1.08653672886757e-05,1.6682972234993e-05,1.14077937208902e-05,4.52727236343667e-06,1.77080407545283e-06,0.00151260014851463,2.88182094797422e-06,2.24774531258597e-06,2.48013389648454e-06,2.01494141793072e-06,0.001470858443409,1.70737800131829e-06,1.67785791758987e-06,1.67024370988881e-06,1.61203048770857e-06,1.8284900348545e-06,1.70785955274735e-06,2.3639424696565e-06,1.7031537800826e-06,1.7074937023781e-06,1.35614391374195e-06,3.13242500130859e-06,2.11107804335747e-06,1.47576189467354e-06,2.13055777861394e-06,1.68860346266433e-06,1.16582571819731e-06,2.14058443453238e-06,1.46001343774464e-06,1.15796118838877e-06,1.55723548281683e-06,1.22130360368984e-06,5.60311690403203e-06,8.03350081269294e-06,1.47302780674927e-06,2.45769692793614e-06,1.83007368392824e-06,1.65840610701601e-06,6.95598237125645e-06,2.74066206698379e-06,2.06593849856619e-06,1.4892155275995e-05,4.50316826359194e-06,1.74135838345272e-06,8.85040315249991e-06,7.43191205051681e-06,3.8068341748978e-06,2.14856734534392e-06,3.58859725971749e-06
18,0.00202727948874847,0.00190409967271035,0.0019378029394086,0.00231764615131297,0.00241883118101962,0.00239309431306134,0.00255871005158305,0.00230345135381443,0.00245159055059465,0.00239217144607326,0.00525666764984865,0.0052280337034956,0.0346549476562754,0.0334077551334886,0.022815035330137,0.0308526736413346,0.04988742934871,0.5,0.0499146103099701,0.0699280286234307,0.0404804884381316,0.0391288543644031,0.0394631869436026,0.0392215271275386,0.00449292286333169,0.00375592440594074,0.00596310382243861,0.00438691703478063,2.30204814087747e-06,2.23049999835519e-06,4.0632927102977e-06,2.20670673051324e-06,2.07108666901575e-06,2.08622466198447e-06,1.91732757763672e-06,2.19903171295246e-06,7.14263555208322e-05,5.40565236808709e-05,8.30265100409456e-06,7.27369945393775e-06,7.60370676874944e-06,7.85634517665612e-06,1.20165828481336e-05,8.20388560442313e-06,3.72069413875776e-06,1.43235326553479e-06,0.000970059088107016,2.35416474271629e-06,1.82637992023467e-06,2.02093611462098e-06,1.63321099792666e-06,0.000949345719292227,1.38120854781479e-06,1.35691368097789e-06,1.35159208108674e-06,1.30321233732897e-06,1.48224161236916e-06,1.38231391838468e-06,1.92544516563655e-06,1.37787781212419e-06,1.38878857403531e-06,1.09671050189971e-06,2.57240823775868e-06,1.72144556480323e-06,1.19624051821628e-06,1.73966503476854e-06,1.37127924564733e-06,9.3909473045265e-07,1.74635061402713e-06,1.18316809513671e-06,9.33611858220789e-07,1.26069712541299e-06,9.83314250551498e-07,4.61872964392464e-06,6.64652740941857e-06,1.19366840899017e-06,2.01043528873535e-06,1.48907524196652e-06,1.34670523624344e-06,5.76173042287519e-06,2.2433884585593e-06,1.68508571815553e-06,1.24037907200036e-05,3.70339834145684e-06,1.41501888420753e-06,7.32501428643962e-06,6.13934350982378e-06,3.12353858873024e-06,1.75030302023675e-06,2.94736040759059e-06
19,0.00107955250320584,0.00105425697202816,0.00107675012720275,0.00120885381416832,0.00135946251059478,0.00134554428119786,0.00124660568924735,0.00104386528250368,0.0010971600924927,0.00108614229303983,0.0013357655635426,0.00129752135928341,0.0348985579628067,0.0339254372699972,0.0195046425097151,0.0252201479355264,0.0596666793219285,0.0499146103099701,0.5,0.0515604891918812,0.0454192538297364,0.041595281070025,0.046579933260561,0.0466760660698146,0.00801567890266115,0.00711774538011644,0.00970163973342966,0.00804687507998912,2.40703396112158e-06,2.32858492872081e-06,4.45032511070432e-06,2.30438876753518e-06,2.15811921860955e-06,2.17788511061477e-06,1.9931917981813e-06,2.30021970161242e-06,9.89403634350132e-05,7.44398773885799e-05,9.50698869877419e-06,8.31682173756812e-06,8.7155416756881e-06,8.96770304705927e-06,1.36708075227191e-05,9.39841671262344e-06,3.85521995756891e-06,1.48441503501088e-06,0.0012284538100741,2.43861459783373e-06,1.89232400288109e-06,2.09381073682513e-06,1.69260958580956e-06,0.00119598729265263,1.43175048937525e-06,1.4064329838939e-06,1.40069827915648e-06,1.35077431370418e-06,1.53651066510819e-06,1.43269635370552e-06,1.99554067056789e-06,1.42829284857527e-06,1.43633985478275e-06,1.13535773004333e-06,2.65842171240973e-06,1.78039272698826e-06,1.23845037208613e-06,1.8006757273906e-06,1.41937847258685e-06,9.72650870316803e-07,1.80759242993441e-06,1.22475664992681e-06,9.6629424153102e-07,1.30578587859157e-06,1.01795260097678e-06,4.76818613569836e-06,6.85895610927919e-06,1.23520724896458e-06,2.07948824778489e-06,1.54081047209284e-06,1.39300972273959e-06,5.94621279744261e-06,2.31889550881342e-06,1.74239512585276e-06,1.27941467223149e-05,3.82471846683392e-06,1.46309126233472e-06,7.55805703707591e-06,6.33684011830401e-06,3.2255721892885e-06,1.80958644100456e-06,3.04690881446301e-06
20,0.00207960917580611,0.00195268053239075,0.0019868630438717,0.00237330570142574,0.00246687538585127,0.00244044238051656,0.00263236819812696,0.00236949402638608,0.00252193704324458,0.00245989626334858,0.00542661569972932,0.00538229203584226,0.0360816733729887,0.0303960475236921,0.0231224321639479,0.0254681883479683,0.0498486119022487,0.0699280286234307,0.0515604891918812,0.5,0.0403533446747971,0.0386493294759753,0.0394047249423706,0.0396746046833346,0.00456932471489307,0.00384175384933148,0.00602585140231168,0.0044738793528198,2.3951142514555e-06,2.32102159509941e-06,4.22293747781214e-06,2.29625364881062e-06,2.15557228801008e-06,2.17155243616563e-06,1.99626525662421e-06,2.28875276834766e-06,7.37696192494296e-05,5.58558979508489e-05,8.62227000198394e-06,7.55738102397945e-06,7.89936432037878e-06,8.15897850570977e-06,1.24678537772545e-05,8.52098047015337e-06,3.86127862113256e-06,1.49226846490889e-06,0.000998055883812875,2.44711557618436e-06,1.90069098930953e-06,2.10173875673326e-06,1.70043712136468e-06,0.000976748908135506,1.4386949209746e-06,1.41359083259526e-06,1.40804125254893e-06,1.35782643287447e-06,1.54311883465428e-06,1.43985673350466e-06,2.00228868040696e-06,1.43518508200122e-06,1.44583975618851e-06,1.14271625834282e-06,2.67205548772577e-06,1.79055540191771e-06,1.2457502932735e-06,1.80846818149712e-06,1.42744394306104e-06,9.79214129240212e-07,1.81561729350753e-06,1.23232715407697e-06,9.73781827210597e-07,1.31255245697283e-06,1.02571816543188e-06,4.79436373309702e-06,6.89335957295774e-06,1.243511534033e-06,2.08984685821863e-06,1.54956826096218e-06,1.40258242941948e-06,5.97347310877939e-06,2.33199257332536e-06,1.75305739073911e-06,1.28449260918228e-05,3.84627762181774e-06,1.473646653274e-06,7.59754086076398e-06,6.36995839626632e-06,3.24625325001494e-06,1.82153508301265e-06,3.06033303624777e-06
21,0.00283692330756361,0.0027294824820058,0.00279077204023662,0.00363299372505293,0.00598734655906228,0.00609874930118912,0.00324072395453677,0.00303969529169236,0.00319545385182938,0.00317354005443808,0.00535957121416024,0.00356639241746487,0.0250886272756396,0.0277878527957026,0.0190250851843705,0.0266647909675086,0.0404620137573611,0.0404804884381316,0.0454192538297364,0.0403533446747971,0.5,0.061100864783934,0.0610557514563971,0.0539264539845702,0.00367539163366058,0.00306867690147658,0.00492065517637574,0.00354441211753992,2.0323673837598e-06,1.97074076192343e-06,3.50887356017831e-06,1.94985398602245e-06,1.83154174840267e-06,1.84229310144742e-06,1.696775591224e-06,1.93984629427366e-06,5.89997162137144e-05,4.46826256290259e-05,7.06402620041552e-06,6.19137450062715e-06,6.46916857892301e-06,6.69495319275809e-06,1.01895933587415e-05,6.97554279730242e-06,3.32403719979664e-06,1.27095749291464e-06,0.000808590635354348,2.0969111666096e-06,1.62369941938861e-06,1.79812877905142e-06,1.45055752300786e-06,0.000792441118612279,1.22540799778139e-06,1.20366463132122e-06,1.19881162860951e-06,1.15563015763083e-06,1.31583415681873e-06,1.22608339125943e-06,1.71194354635988e-06,1.22248591127461e-06,1.23381925289182e-06,9.72983658925349e-07,2.29557792027232e-06,1.53167967241326e-06,1.06189253717337e-06,1.54896058418714e-06,1.21848894287541e-06,8.32164909913824e-07,1.55488116888569e-06,1.05019261062404e-06,8.26980515839254e-07,1.11966061277494e-06,8.7150018034146e-07,4.13218001535913e-06,5.95846019984154e-06,1.05920276881445e-06,1.79068690414811e-06,1.32364216463193e-06,1.19575853806055e-06,5.16701936566555e-06,1.99939694730665e-06,1.49878878849349e-06,1.11617722677069e-05,3.31002782374924e-06,1.2567869088917e-06,6.56814302998754e-06,5.49931966773425e-06,2.78765884390993e-06,1.55680312902921e-06,2.63175545143632e-06
