V1,V2,V3,V4,V5,V6,V7,V8,V9,V10,V11,V12,V13,V14,V15,V16,V17,V18,V19,V20,V21,V22,V23,V24,V25,V26,V27,V28,V29,V30,V31,V32,V33,V34,V35,V36,V37,V38,V39,V40,V41,V42,V43,V44,V45,V46,V47,V48,V49,V50,V51,V52,V53,V54,V55,V56,V57,V58,V59,V60,V61,V62,V63,V64,V65,V66,V67,V68,V69,V70,V71,V72,V73,V74,V75,V76,V77,V78,V79,V80,V81,V82,V83,V84,V85,V86,V87,V88,V89,V90
1,0.5,0.0826668458284955,0.109572661995557,0.0429167735529901,0.0268092861389568,0.0284916651533863,0.0258084758212392,0.0249782761188312,0.0217426865526442,0.0223252934969137,0.0241794123289091,0.0242140655724697,0.00167568685917211,0.00179989726615309,0.00481121009028243,0.00305481168625201,0.00135696351798409,0.00225487407491982,0.00132038832221364,0.00222945953466364,0.00282875057413899,0.00316431666740733,0.00319288689177637,0.00281434324994469,0.0024485734387072,0.00771860353609749,0.00325017962378801,0.00966305694521118,1.38696289335897e-05,1.70887798992536e-05,1.87966270145745e-05,1.34072726944309e-05,1.16575039274809e-05,1.14450779955157e-05,1.04068953083076e-05,1.32208576863633e-05,0.000115502619657875,7.81830529210537e-05,5.86827604469083e-05,8.33557655542222e-05,5.84886998688972e-05,7.14769166450815e-05,6.75215042913293e-05,6.1710480332569e-05,3.16622436448683e-06,1.84113468773629e-06,0.00165133093388102,2.26359301634343e-06,1.81670075681957e-06,1.98653179985484e-06,1.70762050120101e-06,0.00163042337563998,1.72686157209399e-06,2.20794158990256e-06,2.0788707995992e-06,2.04027126561724e-06,2.07452102764769e-06,2.10794663488442e-06,3.30459949197671e-06,1.74311185207822e-06,3.13050583932085e-06,3.16138747678072e-06,0.00018420692103809,3.39990399034472e-06,3.30743521636889e-06,3.36632937843602e-06,3.06998944398843e-06,2.88269785140532e-06,3.55673082000295e-06,3.03762268276281e-06,2.91198015905768e-06,3.1522605627584e-06,3.42203047358905e-06,2.78008300378547e-05,3.0323068645239e-05,3.64147664256409e-06,4.30545233845037e-06,4.18632940874795e-06,4.04782239508867e-06,3.307792384923e-05,9.28527911351193e-06,4.41859411912468e-06,7.70556998857319e-05,2.5416705695509e-05,6.11881900588364e-06,2.66478955052534e-05,2.6443037016983e-05,1.80901115655845e-05,1.38897360249246e-05,2.05623280114602e-05
2,0.0826668458284955,0.5,0.0862009921162847,0.0450424766523729,0.0406201758317852,0.0396748476206041,0.0304792189807669,0.0298033811264918,0.0275398135199148,0.030177359796876,0.0252671960610392,0.0253541652575052,0.00118745001449982,0.00119957442509665,0.00237619633875512,0.00266147145982332,0.00102314146159154,0.00205286980297605,0.00102560490394219,0.00200854811510551,0.00286304201973935,0.00305924106224957,0.00318060629332591,0.00284394562789302,0.000764255662095548,0.00226682138376953,0.00127402553211398,0.00289262835022834,2.66523281807331e-06,2.93551457203162e-06,3.10256811370692e-06,2.55282838484019e-06,2.42102751415743e-06,2.37294115051849e-06,2.18516624363603e-06,2.56128466052076e-06,1.68381002293324e-05,1.30279029635644e-05,8.25355125078647e-06,9.04496022692522e-06,8.14204600519731e-06,1.01498664179303e-05,8.43595678091051e-06,8.5199826937309e-06,1.81788561881437e-06,1.11803045576639e-06,0.00047405971357843,1.38219487523853e-06,1.11458028497379e-06,1.21982308764787e-06,1.03622387959284e-06,0.000472286999382043,1.05569881407256e-06,1.33075284963126e-06,1.25498487285307e-06,1.23027476233623e-06,1.26462316301604e-06,1.27214357991447e-06,1.89790294453338e-06,1.06074445557365e-06,9.3150605460449e-07,8.3068592381391e-07,3.98296491958685e-05,1.02927354487228e-06,9.46329567234213e-07,1.07284165176072e-06,9.60739678400623e-07,7.5838201100334e-07,1.13406228738488e-06,9.01143021130836e-07,8.41982228444034e-07,8.41337136661014e-07,9.06044675409494e-07,6.78996370028321e-06,7.32542855351253e-06,1.09592283894316e-06,1.41135475960289e-06,1.28628044818864e-06,1.27015216562965e-06,8.45399584330312e-06,2.59376389658606e-06,1.34667065453108e-06,1.26794323231961e-05,6.44360711694799e-06,1.78039320623689e-06,6.54618601006465e-06,6.04292460036053e-06,4.68795197101009e-06,4.21082369791384e-06,5.43689827486391e-06
3,0.109572661995557,0.0862009921162847,0.5,0.0412993231662568,0.031344505734398,0.030821690953174,0.0253659097184224,0.0251011144220619,0.0212978145572791,0.0233913278911344,0.0225858217605374,0.0227654442994371,0.00195906400402925,0.00214745442141388,0.00660762179429421,0.00339526387740007,0.00146443977904517,0.00244506676657793,0.00142709191416022,0.00241504169128792,0.00310981142695961,0.00357838122245877,0.00348793784006046,0.00310142692664078,0.00105628795037744,0.0029135434294236,0.00157163921313862,0.00372586237791658,3.53306852337669e-06,3.89995761507907e-06,4.11786607700409e-06,3.39100257509119e-06,3.22373726252908e-06,3.15815658793046e-06,2.91920884619559e-06,3.39645802304527e-06,2.3030673836289e-05,1.79825616166983e-05,1.11011782519717e-05,1.19239623724187e-05,1.09393448779211e-05,1.35889635360177e-05,1.12317756472689e-05,1.14598088134784e-05,2.38536036787957e-06,1.48652693192571e-06,0.000630560454422204,1.82633832861774e-06,1.48061129779329e-06,1.61628330804843e-06,1.38051450872473e-06,0.000627779659302993,1.40451486556683e-06,1.760607539169e-06,1.66208667340495e-06,1.63046063481428e-06,1.67446259406828e-06,1.68408446077645e-06,2.48700334245595e-06,1.41155347925779e-06,1.23858955651681e-06,1.10912880288703e-06,5.32977171642121e-05,1.36979088870067e-06,1.25948309051789e-06,1.42339053636276e-06,1.27974575378439e-06,1.015455373389e-06,1.50495951054148e-06,1.20006292860208e-06,1.1256948284775e-06,1.12338482223286e-06,1.20939040115837e-06,8.98495503190106e-06,9.70546349134705e-06,1.45984389954675e-06,1.86524497041279e-06,1.70927240392266e-06,1.68562306048682e-06,1.11575340349706e-05,3.43992080479229e-06,1.78537554175549e-06,1.66140599478628e-05,8.52405759242693e-06,2.36618413167416e-06,8.67054487576483e-06,8.00315993061637e-06,6.19553452462265e-06,5.55665540235254e-06,7.16899777028515e-06
4,0.0429167735529901,0.0450424766523729,0.0412993231662568,0.5,0.0401324681745826,0.0733180206126341,0.0345421817598739,0.0348206687858652,0.0350555449847276,0.0368975330946113,0.0310732065404047,0.0311896792733148,0.00128267767213642,0.00131212057988731,0.00228166708131457,0.00319764707135846,0.00117644681033871,0.00242689066892191,0.00119395392519375,0.00238002457670455,0.00371323171694467,0.00389054118902016,0.0065799205671983,0.00373331609131873,0.000753721406298406,0.0036795695448704,0.00311201536450973,0.00458167689161026,1.26396025196522e-06,1.32567012570349e-06,1.37082183419085e-06,1.20892328303206e-06,1.20589833795843e-06,1.1793613070419e-06,1.10893751094104e-06,1.2200160159048e-06,8.53727332760873e-06,6.83944907988378e-06,3.2250824682678e-06,3.09488280839913e-06,3.1532706645316e-06,3.96955199341687e-06,3.05488521362307e-06,3.31721380097249e-06,1.29614185696109e-06,8.00764102435464e-07,0.000394763238254177,9.94366832551695e-07,7.99203329895439e-07,8.76208915300405e-07,7.41389063063374e-07,0.000385958433780456,7.55654217105119e-07,9.53868373267063e-07,8.99588593248325e-07,8.81338227449129e-07,9.07330769302736e-07,9.11906848134123e-07,1.36301082590638e-06,7.58970932478222e-07,5.75336735320128e-07,4.98528380689428e-07,2.28390258784839e-05,6.41384780951343e-07,5.80743033570399e-07,6.74884142192675e-07,6.01791402575615e-07,4.55491404088382e-07,7.14710347444856e-07,5.56285095671112e-07,5.18240375736693e-07,5.05813922562361e-07,5.37219220699485e-07,3.87191406093532e-06,4.18205902745374e-06,6.83841387131833e-07,8.94429811362812e-07,8.0510011415261e-07,7.98095577400914e-07,4.98605299520643e-06,1.58533274719218e-06,8.42651886040377e-07,6.13078604715385e-06,3.79344957924791e-06,1.09484555718088e-06,3.76379984998056e-06,3.38388581127954e-06,2.78862483472633e-06,2.64373463724182e-06,3.27355826779675e-06
5,0.0268092861389568,0.0406201758317852,0.031344505734398,0.0401324681745826,0.5,0.0505784981203147,0.051032724580765,0.0480819583921507,0.0463469772170195,0.0477679880101326,0.0401227029023173,0.0399987064922202,0.00132147842071387,0.00126840499291836,0.00236568432834607,0.00343003782371146,0.00113441389415702,0.00260884831297319,0.00116632653951312,0.00252492259462432,0.0056153721030703,0.00593176007281496,0.00578198714574556,0.00570774560559087,0.000421983310574731,0.00105585657057719,0.000778535095146233,0.00129364572507317,8.51499697635835e-07,8.77025175308463e-07,9.0086253485301e-07,8.12335027190698e-07,8.20525132678776e-07,8.01909588761747e-07,7.54745931264706e-07,8.2248201832988e-07,5.48202074451276e-06,4.3867164256764e-06,2.02017589846042e-06,1.86591471538512e-06,1.96851848152799e-06,2.50608577359482e-06,1.86446259479131e-06,2.07589168658168e-06,9.66594164636083e-07,5.89134684229492e-07,0.000200831109494156,7.36857654166313e-07,5.88853209739864e-07,6.47426081614692e-07,5.4404600403563e-07,0.000199325572167858,5.55920676981079e-07,7.0691917343288e-07,6.65479667373672e-07,6.51495196035597e-07,6.71511402479785e-07,6.75019341507001e-07,1.02105484734144e-06,5.58091546169437e-07,4.11229472451118e-07,3.52590757351719e-07,1.44760728520892e-05,4.58261827398814e-07,4.14019918799386e-07,4.85438101313796e-07,4.30548243293811e-07,3.21122884972955e-07,5.14418969678505e-07,3.97014458750201e-07,3.67443641447786e-07,3.58128630538481e-07,3.79055100048697e-07,2.71228172526885e-06,2.93055295167147e-06,4.87899198307977e-07,6.46834759731168e-07,5.76802719730409e-07,5.7309323215956e-07,3.54264553429798e-06,1.13017331706452e-06,6.04986870458137e-07,4.15188279530463e-06,2.68573845303397e-06,7.80362154413438e-07,2.64292162487719e-06,2.36046008378722e-06,1.98397080694921e-06,1.91289745320811e-06,2.34626159965206e-06
6,0.0284916651533863,0.0396748476206041,0.030821690953174,0.0733180206126341,0.0505784981203147,0.5,0.0398244105896658,0.0401344997647575,0.0402283867856411,0.0420221161043808,0.0355243586490986,0.0357269009757476,0.00139453746591364,0.00132639367001663,0.00233683252331424,0.00336086655446685,0.00121988360865765,0.00261164219500426,0.00126373463533996,0.00251095321636928,0.00607973736067157,0.00640085918402669,0.00667178376797122,0.00615924070740788,0.000483668801748999,0.00148833578594031,0.0011846212300027,0.00183743819034439,8.58522053670708e-07,8.76993589757964e-07,8.98075602028648e-07,8.18881071290595e-07,8.3140056993406e-07,8.1273771562572e-07,7.66500496492061e-07,8.30228233917564e-07,5.57027529903547e-06,4.47367978765265e-06,1.94988521396523e-06,1.76964869026316e-06,1.89751595566255e-06,2.41292190780567e-06,1.77766036977844e-06,2.0014085244529e-06,1.01775703119761e-06,6.22728938485269e-07,0.000233313153357647,7.77949681334684e-07,6.22346393835305e-07,6.83917081289995e-07,5.75423752490744e-07,0.000229981233060092,5.87606264227277e-07,7.45614758531025e-07,7.02442814958602e-07,6.87735453325734e-07,7.08768756082838e-07,7.12377882434517e-07,1.07420590182717e-06,5.89925595937206e-07,4.29378653303609e-07,3.67307186697945e-07,1.51561198949891e-05,4.79067862450131e-07,4.32034117287874e-07,5.0727367848361e-07,4.50096664424118e-07,3.3482335229833e-07,5.37317699356006e-07,4.14536586631664e-07,3.84134837527814e-07,3.73109845943803e-07,3.94598299623399e-07,2.7965011106902e-06,3.02018505429694e-06,5.10121222680957e-07,6.75759727400408e-07,6.02358368298003e-07,5.98818877977962e-07,3.65432169008247e-06,1.17512819726991e-06,6.31753141878151e-07,4.19746347697838e-06,2.77632462506666e-06,8.1304282681751e-07,2.7288390963304e-06,2.43137442365893e-06,2.05329665395373e-06,1.98612451347811e-06,2.42545433512449e-06
7,0.0258084758212392,0.0304792189807669,0.0253659097184224,0.0345421817598739,0.051032724580765,0.0398244105896658,0.5,0.0606609290761816,0.0505091862537346,0.0505379832810447,0.0493393032283968,0.0494274667827555,0.00152390853599082,0.00170563421772745,0.00303553066829966,0.00642960946599098,0.00127582588575932,0.00309087123043465,0.00123528503052216,0.00306770876354234,0.00349163458780515,0.00372413291204072,0.00355336994620345,0.00335269696748506,0.000543907128076916,0.00112793509118857,0.000845928832882095,0.00130709427627193,9.60995563685185e-07,1.01514644179594e-06,1.0560544528135e-06,9.17238777040547e-07,9.02505437865968e-07,8.8253794523963e-07,8.20980472702055e-07,9.26345245830386e-07,7.55663012361125e-06,5.90674238530407e-06,2.66015738566732e-06,2.66449300142673e-06,2.59658831260928e-06,3.2821180396507e-06,2.53942272709137e-06,2.74673819975083e-06,9.42735565583671e-07,5.70597851799337e-07,0.000221380608668182,7.14816486324308e-07,5.70373650448184e-07,6.27494745903018e-07,5.26722277887793e-07,0.000218805664663738,5.38383838278133e-07,6.85588059004036e-07,6.45472473861899e-07,6.31796099304936e-07,6.51015829136802e-07,6.54800634570213e-07,9.94046247988496e-07,5.40484912205327e-07,4.17551298223701e-07,3.61045220873797e-07,1.59442171127319e-05,4.6372085859534e-07,4.21135289145838e-07,4.90061921650038e-07,4.34448121379503e-07,3.28342224391681e-07,5.18642917078101e-07,4.02791114321953e-07,3.72761575443441e-07,3.66516632232966e-07,3.89903408467821e-07,2.84472171310061e-06,3.06794575826642e-06,4.93277605731468e-07,6.52693410105286e-07,5.828259944165e-07,5.78814152265814e-07,3.66783276414004e-06,1.15296321738777e-06,6.12239029493825e-07,4.70107714995687e-06,2.77934873617866e-06,7.9379813817326e-07,2.75877605698581e-06,2.49024330480185e-06,2.04643140800458e-06,1.93535288178277e-06,2.41020082434722e-06
8,0.0249782761188312,0.0298033811264918,0.0251011144220619,0.0348206687858652,0.0480819583921507,0.0401344997647575,0.0606609290761816,0.5,0.0554655340298612,0.0537457155613086,0.0481150323718128,0.0485486129094932,0.00141599238539055,0.00155043289301423,0.0028365543941496,0.00559318348051766,0.00119060495241505,0.00293321950334541,0.00116068672822294,0.00290796933442152,0.00333707894300071,0.0035585258977045,0.00337453021774011,0.00322244170955136,0.000513182841811763,0.00110478665430917,0.000820743746713223,0.00129705930846985,9.65550621419357e-07,1.02037033556999e-06,1.06178353493666e-06,9.21512698444723e-07,9.06112449064668e-07,8.86240410342358e-07,8.24294819207806e-07,9.30700768058035e-07,7.29575051283548e-06,5.70017345057605e-06,2.65278144323344e-06,2.67405132988826e-06,2.59173448907245e-06,3.2752649800262e-06,2.54557620042221e-06,2.73818939839479e-06,9.42549011614573e-07,5.7055090149723e-07,0.000217950154182998,7.14635344816893e-07,5.70285446307101e-07,6.27350537624999e-07,5.26693900638305e-07,0.000215665233403224,5.38328146684665e-07,6.85512383945449e-07,6.45376354812891e-07,6.31722220095104e-07,6.50906310724659e-07,6.5470326485453e-07,9.93850085247886e-07,5.40443610419499e-07,4.18158854964668e-07,3.61741100762311e-07,1.58837122866538e-05,4.6439789691296e-07,4.21809293014187e-07,4.9066330769199e-07,4.35050880805712e-07,3.28999365053183e-07,5.1929998549864e-07,4.03404403274762e-07,3.7338425452905e-07,3.67238267881406e-07,3.90759573327027e-07,2.851013010276e-06,3.0750388823333e-06,4.94007772297479e-07,6.53445952196334e-07,5.83634118708124e-07,5.79579732527706e-07,3.67463468764417e-06,1.15488837276417e-06,6.13066665491114e-07,4.72358350476889e-06,2.78537134223389e-06,7.95076864237523e-07,2.76555002022796e-06,2.49732927030211e-06,2.05055915039157e-06,1.93784743053593e-06,2.41459065907186e-06
9,0.0217426865526442,0.0275398135199148,0.0212978145572791,0.0350555449847276,0.0463469772170195,0.0402283867856411,0.0505091862537346,0.0554655340298612,0.5,0.0639459817951124,0.0500412860194117,0.0501141723645155,0.0014779560537352,0.00162429707727576,0.00296715072704828,0.00590250804160046,0.00124089425048546,0.00306820627126697,0.001207957973902,0.00304435986786146,0.00342903789786209,0.00365044932600885,0.00345346508008944,0.00330568135931756,0.000532079749828071,0.00111941367170994,0.000845066550586591,0.00130769574771881,9.85438188929335e-07,1.03871345600509e-06,1.07914828108928e-06,9.40998289797058e-07,9.27785082578034e-07,9.07345135915176e-07,8.45343941500726e-07,9.50320876259217e-07,7.46256661089654e-06,5.84667204010104e-06,2.67865040353411e-06,2.67257024955469e-06,2.61542671287395e-06,3.30333496817867e-06,2.55521588487525e-06,2.764480067044e-06,9.78894394811982e-07,5.94896247760614e-07,0.000223082521147013,7.43775574736231e-07,5.94433690360337e-07,6.53372613845743e-07,5.49456597387085e-07,0.000220661310324805,5.61407534047485e-07,7.13987457539008e-07,6.72294588573942e-07,6.58231859815799e-07,6.77953979969759e-07,6.81952645718802e-07,1.03262246360393e-06,5.63661370074565e-07,4.3284753452878e-07,3.74519837771552e-07,1.62163777826443e-05,4.81037666859855e-07,4.3666156114016e-07,5.07937237360793e-07,4.50881811096943e-07,3.40994691404229e-07,5.37714578261981e-07,4.17815946135853e-07,3.8712421032229e-07,3.80463813537297e-07,4.04655533145076e-07,2.92807921358135e-06,3.15853123230596e-06,5.11756146105431e-07,6.76051210240726e-07,6.04114289104605e-07,5.99947473100333e-07,3.7761824190464e-06,1.19204348576467e-06,6.34179597503957e-07,4.80167402301416e-06,2.86569381668287e-06,8.21929732797782e-07,2.84277410496109e-06,2.56433599681629e-06,2.11137878403168e-06,2.00006628766747e-06,2.48591847416353e-06
10,0.0223252934969137,0.030177359796876,0.0233913278911344,0.0368975330946113,0.0477679880101326,0.0420221161043808,0.0505379832810447,0.0537457155613086,0.0639459817951124,0.5,0.0453468463087947,0.0458890160882815,0.00145571523605445,0.00159946334726023,0.0028561149082253,0.00569562304207978,0.0012290051365343,0.0029314731013443,0.00119685886312004,0.00290465676403057,0.00340822187542221,0.00363527831644649,0.00350559608992927,0.00329239437933652,0.000534652379424922,0.00114412696332289,0.00086280936936454,0.00134210253588963,1.00156614284448e-06,1.05544662724973e-06,1.09638157010791e-06,9.56435897016478e-07,9.43456216334512e-07,9.22703165457825e-07,8.60022576046639e-07,9.6594137728224e-07,7.5172137147313e-06,5.89527006468018e-06,2.71354524473513e-06,2.70406121559115e-06,2.64969095327401e-06,3.34532038354462e-06,2.58798318133439e-06,2.79991685174873e-06,9.9645139777847e-07,6.06127177820371e-07,0.000227069663101066,7.57584112363372e-07,6.05619534935433e-07,6.65602627403771e-07,5.59927677587293e-07,0.000224610025890795,5.71982563118644e-07,7.27000328796794e-07,6.84699585396752e-07,6.7038123278283e-07,6.90455855122993e-07,6.94490482800331e-07,1.0506994522679e-06,5.7429051063059e-07,4.40805741198156e-07,3.81385863723569e-07,1.65037766097692e-05,4.89994739058732e-07,4.44682234385199e-07,5.1726149899715e-07,4.59242324712804e-07,3.47302454181745e-07,5.475299510266e-07,4.25498279390064e-07,3.94407357412086e-07,3.87372645650809e-07,4.11989013943672e-07,2.98201825248218e-06,3.21756101119501e-06,5.21378094849811e-07,6.88327163592007e-07,6.15343064408737e-07,6.11044312140412e-07,3.84537038997601e-06,1.21442652561799e-06,6.45900170007703e-07,4.88278627124849e-06,2.91921438599142e-06,8.37359751544465e-07,2.89636503451226e-06,2.61217853103714e-06,2.15021346621622e-06,2.0363058191516e-06,2.53072581151154e-06
11,0.0241794123289091,0.0252671960610392,0.0225858217605374,0.0310732065404047,0.0401227029023173,0.0355243586490986,0.0493393032283968,0.0481150323718128,0.0500412860194117,0.0453468463087947,0.5,0.075162725953882,0.00191044729114751,0.00211673794985008,0.00607871439456256,0.0103523489085288,0.00153137527213371,0.00602894632958302,0.00149568504019725,0.00605243644774667,0.0056954438244062,0.00426966519924695,0.00379882435135833,0.00554872294481068,0.000596298944650543,0.00115334228220524,0.000878096692330481,0.00130703259742646,9.73562917895975e-07,1.03030951646735e-06,1.07258540006626e-06,9.29455874305725e-07,9.13476503638591e-07,8.93073183924587e-07,8.30433683764754e-07,9.38366155995883e-07,8.08649930055713e-06,6.32022557641324e-06,2.7523458445523e-06,2.74653445099069e-06,2.68402024142132e-06,3.39016945105027e-06,2.61624071755663e-06,2.84369942365564e-06,9.47675289154292e-07,5.73476170139905e-07,0.000227467014735439,7.18583382896109e-07,5.732510931363e-07,6.3072960465422e-07,5.2943928999364e-07,0.000224499805501004,5.41043698130173e-07,6.88625157515297e-07,6.48599662950638e-07,6.34810770515753e-07,6.54097715179209e-07,6.57928566982773e-07,9.98438885277138e-07,5.43158084058582e-07,4.20622552451594e-07,3.6370010766273e-07,1.62557019888786e-05,4.67087759675294e-07,4.24195352402208e-07,4.93526420362556e-07,4.37475575971775e-07,3.30751681021504e-07,5.22114399965852e-07,4.05671944589986e-07,3.75536312853516e-07,3.69153133441203e-07,3.92811363134487e-07,2.87286695362915e-06,3.09831846458515e-06,4.96885847860939e-07,6.57306566150431e-07,5.86960451717388e-07,5.82950837839193e-07,3.70046486017194e-06,1.16221759906353e-06,6.1667523982443e-07,4.76264615164916e-06,2.80405061751199e-06,8.00044289430795e-07,2.7855233816944e-06,2.5155554642032e-06,2.06371157248064e-06,1.94845564714142e-06,2.42900093660327e-06
12,0.0242140655724697,0.0253541652575052,0.0227654442994371,0.0311896792733148,0.0399987064922202,0.0357269009757476,0.0494274667827555,0.0485486129094932,0.0501141723645155,0.0458890160882815,0.075162725953882,0.5,0.00187144656157417,0.00206353294452894,0.00397592099951208,0.0103253979241602,0.00152129861117309,0.00603506993619752,0.00147459743142364,0.0060326831278072,0.00400353664586339,0.00607344060675369,0.00375661336515705,0.00378123811596912,0.000597516994955631,0.00115831984984056,0.00088156051523619,0.00131339633829495,9.80535406267811e-07,1.03698570910148e-06,1.07905965045075e-06,9.36274215441361e-07,9.20826360547507e-07,9.00254267241324e-07,8.375273033669e-07,9.4521976411294e-07,8.10466078140933e-06,6.33923071412328e-06,2.76093410317113e-06,2.74905881032037e-06,2.69226201138661e-06,3.39973789264597e-06,2.62166966351302e-06,2.85232137427975e-06,9.58631686410367e-07,5.80838831707242e-07,0.000228698668618648,7.27366764664438e-07,5.8053890740904e-07,6.38570364364129e-07,5.36329728110979e-07,0.000225724574185321,5.48013459870846e-07,6.97210568554346e-07,6.56717285914908e-07,6.42810953638122e-07,6.62249422997936e-07,6.66144773033036e-07,1.01009834811356e-06,5.50175829796842e-07,4.25167480461111e-07,3.67676657299781e-07,1.63532564773506e-05,4.72243669726232e-07,4.28801380231716e-07,4.98854221811251e-07,4.42376777533312e-07,3.34495416269377e-07,5.27796438485243e-07,4.10138209721714e-07,3.79810950315314e-07,3.73276993038745e-07,3.9716757797143e-07,2.89726567676828e-06,3.12475446387483e-06,5.02388077996544e-07,6.64273435745098e-07,5.93289626714941e-07,5.89244390748243e-07,3.73220147528324e-06,1.17375147893189e-06,6.23196572604899e-07,4.79015671615077e-06,2.82926531666267e-06,8.08379704748019e-07,2.80999657817177e-06,2.53702150601303e-06,2.08273585988216e-06,1.96754294091696e-06,2.4511729416048e-06
13,0.00167568685917211,0.00118745001449982,0.00195906400402925,0.00128267767213642,0.00132147842071387,0.00139453746591364,0.00152390853599082,0.00141599238539055,0.0014779560537352,0.00145571523605445,0.00191044729114751,0.00187144656157417,0.5,0.0569877676775121,0.050971197497483,0.0376015309959927,0.0378725739577327,0.0400345961018909,0.0402379196592606,0.0377333660112433,0.038610451641065,0.0380168148096516,0.0309981647141767,0.0377281396350991,0.00980327092425128,0.00750211587040883,0.00843980884738596,0.00829404488757713,1.42095307421974e-06,1.49934255599083e-06,1.52941051481278e-06,1.38959716551062e-06,1.39856707376477e-06,1.33414341063182e-06,1.24091508309759e-06,1.37680711179036e-06,6.87833312847316e-05,5.41276393836498e-05,8.63653329605557e-06,6.14397724574313e-06,8.04944466740487e-06,1.00772417299874e-05,6.13201042345668e-06,9.09421254173418e-06,1.78359917478396e-06,1.10666148193707e-06,0.00115030645906442,1.3755890025835e-06,1.10934221048961e-06,1.21480105908116e-06,1.02518316882548e-06,0.00108888217743429,1.05126386437015e-06,1.32426750030506e-06,1.2526289753333e-06,1.22680587676197e-06,1.26011147525266e-06,1.27022336807742e-06,1.89257669230575e-06,1.05369930747502e-06,7.42573340332556e-07,6.3484795570866e-07,4.28410714500329e-05,8.18004618981157e-07,7.43304937796248e-07,8.71658441851804e-07,7.74003045933811e-07,5.80748972222672e-07,9.18604234747784e-07,7.17092739238885e-07,6.61392284547574e-07,6.48427942472324e-07,6.79483933055753e-07,4.40834181956893e-06,4.60599330560213e-06,8.62919459018495e-07,1.14988757960492e-06,1.01187961259776e-06,1.01271471729688e-06,5.60349314256526e-06,1.8728792876633e-06,1.06172541062314e-06,5.98817942062251e-06,4.18854349146792e-06,1.33212073879625e-06,4.08773554393473e-06,3.62863785630647e-06,3.17977817292832e-06,3.16234544019808e-06,3.76419289488501e-06
14,0.00179989726615309,0.00119957442509665,0.00214745442141388,0.00131212057988731,0.00126840499291836,0.00132639367001663,0.00170563421772745,0.00155043289301423,0.00162429707727576,0.00159946334726023,0.00211673794985008,0.00206353294452894,0.0569877676775121,0.5,0.0596025039831296,0.0454963193722845,0.0465969081313092,0.0281704114871068,0.0396779507594528,0.0380697778862614,0.0295067776714537,0.0273385099443643,0.0343176407911971,0.0333130812550023,0.0108774630192203,0.00553093892948834,0.00925068995927654,0.0090722040204889,1.62859345950429e-06,1.72174441471346e-06,1.75675174585291e-06,1.59467143716299e-06,1.60292694243112e-06,1.52856791274233e-06,1.42205833759588e-06,1.57862649573196e-06,7.96561736587102e-05,6.27610927971515e-05,1.00613376421748e-05,7.14069230383354e-06,9.37260195013163e-06,1.16980684994254e-05,7.12237160435628e-06,1.05961229472964e-05,2.03099825112522e-06,1.26800415235537e-06,0.0012755167250943,1.57180879912361e-06,1.2707222263627e-06,1.38992259851421e-06,1.17594675267644e-06,0.00121010526702518,1.20492102308945e-06,1.51263878795248e-06,1.43230498501931e-06,1.40312112945837e-06,1.44052371095607e-06,1.45203213789064e-06,2.15166360658232e-06,1.20778416030693e-06,8.51885765843372e-07,7.29425161362154e-07,4.85903367367056e-05,9.38355262751812e-07,8.5278159465311e-07,9.98314148948476e-07,8.87926026349366e-07,6.68221963813724e-07,1.05133398630563e-06,8.22979608706954e-07,7.60576030822622e-07,7.44870939891496e-07,7.80647404721238e-07,5.00821163223995e-06,5.23372767986794e-06,9.89771659239013e-07,1.31388334712034e-06,1.1582139277266e-06,1.15918942997906e-06,6.34509540271452e-06,2.1352365503169e-06,1.21458164439528e-06,6.79034551358104e-06,4.75693534215963e-06,1.52256706927085e-06,4.64931525222626e-06,4.12984733650604e-06,3.61324537633549e-06,3.58612773548135e-06,4.26564019990287e-06
15,0.00481121009028243,0.00237619633875512,0.00660762179429421,0.00228166708131457,0.00236568432834607,0.00233683252331424,0.00303553066829966,0.0028365543941496,0.00296715072704828,0.0028561149082253,0.00607871439456256,0.00397592099951208,0.050971197497483,0.0596025039831296,0.5,0.0497945482220392,0.0307929669191284,0.0327948510770992,0.0261485547179194,0.0332057502902577,0.0249976142158982,0.0429734758906789,0.0311378915964779,0.0303640109006607,0.00700976931790462,0.00491567943692228,0.00595523888061742,0.00543770548787922,2.12744827883313e-06,2.22380455159371e-06,2.2654992511577e-06,2.075571081597e-06,2.0941835026351e-06,2.00897434559807e-06,1.88068131010873e-06,2.06469640060001e-06,6.72382586272355e-05,5.29309065182998e-05,1.0720852531916e-05,7.7607626114966e-06,1.00267586123034e-05,1.25129990755789e-05,7.75758117297434e-06,1.12638111698106e-05,2.66259392648676e-06,1.68717991346343e-06,0.00117951427162519,2.07724214900122e-06,1.68951660092941e-06,1.84274176137948e-06,1.56856217450292e-06,0.00113043193620879,1.6044463604302e-06,1.99923198562329e-06,1.89672839025567e-06,1.85935970107075e-06,1.90685684864561e-06,1.92179224452252e-06,2.81265675826083e-06,1.60855504438071e-06,1.1369278843801e-06,9.77438471139752e-07,5.39130340471087e-05,1.25235646220283e-06,1.13863937000967e-06,1.32731272768775e-06,1.18544235862465e-06,8.98521036331299e-07,1.39615404087331e-06,1.09970261842888e-06,1.02096132991804e-06,9.97756480562437e-07,1.04547794968825e-06,6.43326683065559e-06,6.77429686276032e-06,1.3206664800946e-06,1.73709094920842e-06,1.53811060228189e-06,1.53921941209591e-06,8.14673428462404e-06,2.80767354261469e-06,1.61053697971164e-06,8.75003797076978e-06,6.19456119527887e-06,2.01388988335399e-06,6.06956488849105e-06,5.40118620675371e-06,4.71433948288928e-06,4.65873050772579e-06,5.53157788925018e-06
16,0.00305481168625201,0.00266147145982332,0.00339526387740007,0.00319764707135846,0.00343003782371146,0.00336086655446685,0.00642960946599098,0.00559318348051766,0.00590250804160046,0.00569562304207978,0.0103523489085288,0.0103253979241602,0.0376015309959927,0.0454963193722845,0.0497945482220392,0.5,0.0257376889452238,0.0397162419028367,0.0222064152437755,0.0384159867242396,0.0315719227503456,0.0358954953238964,0.0434246061200276,0.0302453004138661,0.0086301605521297,0.00722699810974593,0.00781634940705539,0.00429222921035934,1.49403846635907e-06,1.56951030758899e-06,1.60087646981516e-06,1.45814243534182e-06,1.47004085242571e-06,1.4060112737587e-06,1.31117984097393e-06,1.44822217449408e-06,6.4379239237479e-05,5.07428378426412e-05,8.45760769350942e-06,6.05682097456967e-06,7.89244485420494e-06,9.86575477200857e-06,6.04825299880143e-06,8.89677011230818e-06,1.87884167825738e-06,1.17030769092928e-06,0.00104295627634115,1.45259569856023e-06,1.17268008579662e-06,1.28348950618673e-06,1.08504001329437e-06,0.000986275888736293,1.11132638471802e-06,1.39586367193778e-06,1.32179808451518e-06,1.29465428735226e-06,1.32958212180069e-06,1.33998430445401e-06,1.98848147891866e-06,1.11407637790536e-06,7.85871345104149e-07,6.7186258162735e-07,4.16937405541278e-05,8.66553575926468e-07,7.86638633916154e-07,9.21929397178511e-07,8.19430081800591e-07,6.15231213201649e-07,9.70895642052062e-07,7.58921137103966e-07,7.01482940010854e-07,6.85898192406974e-07,7.19118500882461e-07,4.62661086476931e-06,4.85958689111677e-06,9.14601386766033e-07,1.21510483535423e-06,1.07088087964174e-06,1.07172204937698e-06,5.89187442529394e-06,1.98208391924027e-06,1.12340463580134e-06,6.31998762073652e-06,4.43164434633297e-06,1.41046045220192e-06,4.33205776456003e-06,3.84724900336632e-06,3.36065691301063e-06,3.32981715407242e-06,3.96690970909148e-06
17,0.00135696351798409,0.00102314146159154,0.00146443977904517,0.00117644681033871,0.00113441389415702,0.00121988360865765,0.00127582588575932,0.00119060495241505,0.00124089425048546,0.0012290051365343,0.00153137527213371,0.00152129861117309,0.0378725739577327,0.0465969081313092,0.0307929669191284,0.0257376889452238,0.5,0.0353328675954698,0.0789628056771312,0.0374408018983695,0.0354008352847988,0.0346720554820028,0.0314045858936316,0.0359823334921038,0.0151240929504576,0.00919377000646807,0.0114746750199545,0.0102046250143634,1.50377756632669e-06,1.60294587059759e-06,1.63661750101244e-06,1.47800997210189e-06,1.47996691502693e-06,1.40576442212893e-06,1.30296595913925e-06,1.45724196494845e-06,9.10445799196922e-05,7.17877391302832e-05,1.04495839740972e-05,7.35532352468386e-06,9.71885954648087e-06,1.21012830609287e-05,7.32548085827881e-06,1.10156985486527e-05,1.85778669828745e-06,1.1570552086785e-06,0.00146066293617415,1.43512768159976e-06,1.15926316260053e-06,1.26820895192873e-06,1.07251802187285e-06,0.00137981265563478,1.09930321398824e-06,1.38304521447003e-06,1.30842411997162e-06,1.28183814054196e-06,1.31582864912218e-06,1.32667535947036e-06,1.97187837426359e-06,1.10201949594084e-06,7.751783049163e-07,6.64030890253746e-07,4.98824121176125e-05,8.54412460137462e-07,7.76377782196264e-07,9.0915625264285e-07,8.085410877661e-07,6.08171500798038e-07,9.58347067607985e-07,7.49085568726416e-07,6.91959517960063e-07,6.78850681108409e-07,7.12059713285508e-07,4.64814747359567e-06,4.82438782618397e-06,9.01448749112985e-07,1.19868379000695e-06,1.05592380226567e-06,1.05664448362617e-06,5.86364726272726e-06,1.95244980539856e-06,1.1072148111893e-06,6.26890579801231e-06,4.3644007188525e-06,1.39039073179437e-06,4.26279414344533e-06,3.78497430779377e-06,3.31258757355142e-06,3.29344797950789e-06,3.91865147453919e-06
18,0.00225487407491982,0.00205286980297605,0.00244506676657793,0.00242689066892191,0.00260884831297319,0.00261164219500426,0.00309087123043465,0.00293321950334541,0.00306820627126697,0.0029314731013443,0.00602894632958302,0.00603506993619752,0.0400345961018909,0.0281704114871068,0.0327948510770992,0.0397162419028367,0.0353328675954698,0.5,0.0391401571941127,0.0629747954021542,0.0442360332832433,0.0410246858029498,0.0405622206851667,0.0426393659499612,0.00534300041441696,0.00375423187442166,0.00426564309100399,0.00382310982229633,1.15313320289734e-06,1.21132410436253e-06,1.23613512949079e-06,1.12368093077671e-06,1.13414364974147e-06,1.08414278040673e-06,1.00954272190287e-06,1.11665592040013e-06,4.52097345019987e-05,3.54301399865574e-05,6.46124259948395e-06,4.62008366577913e-06,6.02616687868594e-06,7.59848544269063e-06,4.61812801618524e-06,6.80334950876804e-06,1.46208824086098e-06,8.9885471830961e-07,0.000791860092563319,1.12248359404062e-06,9.01228866798338e-07,9.8893862944333e-07,8.31537388580278e-07,0.000757549255105711,8.52861265208384e-07,1.07827314069429e-06,1.01931847199501e-06,9.97766205144671e-07,1.0257339233282e-06,1.03383128315579e-06,1.55109920022755e-06,8.54859653750442e-07,6.02170177714382e-07,5.12996250206468e-07,3.37771707306334e-05,6.64220961556106e-07,6.02592552679498e-07,7.08885681340369e-07,6.27761620886666e-07,4.68288248046718e-07,7.47358702574805e-07,5.80861715024278e-07,5.3487489464631e-07,5.23844063965906e-07,5.49327033077325e-07,3.6469468831238e-06,3.82817424054551e-06,7.01392988859289e-07,9.39263323407195e-07,8.24825528570366e-07,8.25405977294047e-07,4.67278683456415e-06,1.5426963047115e-06,8.66410857729987e-07,5.00144344198534e-06,3.4835179570462e-06,1.09123252725773e-06,3.39758964752742e-06,3.01255951709314e-06,2.63553698195061e-06,2.61966236245539e-06,3.12757717720141e-06
19,0.00132038832221364,0.00102560490394219,0.00142709191416022,0.00119395392519375,0.00116632653951312,0.00126373463533996,0.00123528503052216,0.00116068672822294,0.001207957973902,0.00119685886312004,0.00149568504019725,0.00147459743142364,0.0402379196592606,0.0396779507594528,0.0261485547179194,0.0222064152437755,0.0789628056771312,0.0391401571941127,0.5,0.0402456318481278,0.0402571993519773,0.0375828655717923,0.037016730290362,0.0415960752527614,0.0136237325574028,0.00845625395343192,0.00974578530593271,0.00935814497504266,1.34018735758462e-06,1.42709755236e-06,1.45788270177751e-06,1.31501350675485e-06,1.31876934326481e-06,1.25297591987551e-06,1.16113411754826e-06,1.2980267134625e-06,8.09531671836365e-05,6.3774454063989e-05,9.25150424344012e-06,6.50595623170188e-06,8.60248353298152e-06,1.07440957708327e-05,6.48317353798457e-06,9.75390631058995e-06,1.66785716245874e-06,1.03089448078975e-06,0.00129942893523281,1.28392166698895e-06,1.03354317341181e-06,1.13275723214323e-06,9.54510900218699e-07,0.00122795425626476,9.78921796932759e-07,1.23479249908844e-06,1.167902937239e-06,1.14353493651367e-06,1.17489471376386e-06,1.18437189064738e-06,1.76946452745079e-06,9.81166716369908e-07,6.90897053311466e-07,5.8985281913465e-07,4.48228798927924e-05,7.61351851844643e-07,6.91432464916986e-07,8.11848264571967e-07,7.20039340433582e-07,5.39102586908519e-07,8.55575231010598e-07,6.66829115460585e-07,6.14622775079907e-07,6.02475129194349e-07,6.31741543614435e-07,4.18816118291245e-06,4.3539816573399e-06,8.034287749224e-07,1.07296721743148e-06,9.43185006019761e-07,9.43979421313405e-07,5.30555307915203e-06,1.7533721858549e-06,9.90124931619419e-07,5.66919570706315e-06,3.93787904360526e-06,1.24451004439075e-06,3.84392602508326e-06,3.40994772652491e-06,2.98451814391784e-06,2.96816314389809e-06,3.53688342571244e-06
20,0.00222945953466364,0.00200854811510551,0.00241504169128792,0.00238002457670455,0.00252492259462432,0.00251095321636928,0.00306770876354234,0.00290796933442152,0.00304435986786146,0.00290465676403057,0.00605243644774667,0.0060326831278072,0.0377333660112433,0.0380697778862614,0.0332057502902577,0.0384159867242396,0.0374408018983695,0.0629747954021542,0.0402456318481278,0.5,0.0412825272730935,0.0317600546197453,0.0422035295616541,0.0416503793351795,0.00570805768255632,0.00389453293012421,0.00456002414410978,0.0041070573762306,1.18948571607936e-06,1.25120594729026e-06,1.27701375925435e-06,1.15990444914036e-06,1.16990378682063e-06,1.1177969041676e-06,1.04055539341833e-06,1.15192522610426e-06,4.82069340900999e-05,3.77932662456202e-05,6.78852634001244e-06,4.84453632708889e-06,6.32880899114102e-06,7.97263380232017e-06,4.84071053724229e-06,7.14972097498017e-06,1.50416952222495e-06,9.26017478784256e-07,0.000834028903806967,1.1556041478623e-06,9.28417841283953e-07,1.01846538905374e-06,8.56854734086296e-07,0.000797217322743267,8.78761895266587e-07,1.11034220728275e-06,1.04976709698595e-06,1.02764969782168e-06,1.05631908834005e-06,1.06467320887487e-06,1.59561560237882e-06,8.80823887460426e-07,6.20579240505085e-07,5.28986925462595e-07,3.51429759769737e-05,6.84450248481573e-07,6.21060221174767e-07,7.3024342107847e-07,6.4694271021087e-07,4.83036206777175e-07,7.69823695911433e-07,5.98709437957478e-07,5.51500006704779e-07,5.40191864033764e-07,5.6647991699413e-07,3.75325544477251e-06,3.93735501166925e-06,7.22699875143361e-07,9.67020717442872e-07,8.49539944340031e-07,8.50114773208258e-07,4.8032427496976e-06,1.58728902299465e-06,8.9221467166712e-07,5.14160003708692e-06,3.58093724229483e-06,1.12346987592209e-06,3.49337517736514e-06,3.09795341839445e-06,2.70984333432671e-06,2.69314768546939e-06,3.21445840201603e-06
21,0.00282875057413899,0.00286304201973935,0.00310981142695961,0.00371323171694467,0.0056153721030703,0.00607973736067157,0.00349163458780515,0.00333707894300071,0.00342903789786209,0.00340822187542221,0.0056954438244062,0.00400353664586339,0.038610451641065,0.0295067776714537,0.0249976142158982,0.0315719227503456,0.0354008352847988,0.0442360332832433,0.0402571993519773,0.0412825272730935,0.5,0.0531826396424392,0.0493829029247406,0.05110402126558,0.00513989773672686,0.00356778691845129,0.00407347959512343,0.00375580115488003,1.10011162477755e-06,1.15468010195449e-06,1.17833995164353e-06,1.0713075208153e-06,1.08196118979787e-06,1.03464783466736e-06,9.6362378153648e-07,1.06515787402637e-06,4.30159124098719e-05,3.36975742270188e-05,6.11319231336013e-06,4.37399500610137e-06,5.70193260952007e-06,7.19854640684066e-06,4.37291709557213e-06,6.43741238710874e-06,1.3980458768996e-06,8.57850886650119e-07,0.000756888769308884,1.07211930731298e-06,8.60150660134608e-07,9.44193182964636e-07,7.93302708295014e-07,0.000724384628029357,8.13817989796817e-07,1.03013135874639e-06,9.73349165743834e-07,9.5271774771156e-07,9.79636472045803e-07,9.87302252361949e-07,1.48391234806262e-06,8.15729353625372e-07,5.74616953978979e-07,4.89399639659282e-07,3.22957538913363e-05,6.33991806191574e-07,5.75103777213941e-07,6.76850269808927e-07,5.99128902444461e-07,4.46530762936824e-07,7.13864015680089e-07,5.54246697661055e-07,5.10101209377648e-07,4.99740970627331e-07,5.24108064865871e-07,3.49694380523325e-06,3.67298136139617e-06,6.69617402982293e-07,8.97572819277228e-07,7.88096792755805e-07,7.88494573831834e-07,4.48836681602454e-06,1.47720545312002e-06,8.27905717877775e-07,4.80306905651285e-06,3.34295078421721e-06,1.0435247322443e-06,3.25898729206905e-06,2.88889427123377e-06,2.52738660481721e-06,2.51324254936364e-06,3.00198202583086e-06
